3
3
3 3 3
4
2 2 2 2
7
4 1 0 1 1 0 1

1
4
2 2 2 2

1
64
999999994 999999994 999999994 999999994 999999994 999999994 999999994 999999994 999999994 999999994 999999994 999999994 999999994 999999994 999999994 999999994 999999994 999999994 999999994 999999994 999999994 999999994 999999994 999999994 999999994 999999994 999999994 999999994 999999994 999999994 999999994 999999994 999999994 999999994 999999994 999999994 999999994 999999994 999999994 999999994 999999994 999999994 999999994 999999994 999999994 999999994 999999994 999999994 999999994 999999994 999999994 999999994 999999994 999999994 999999994 999999994 999999994 999999994 999999994 999999994 999999994 999999994 999999994 999999994


1
70
1 0 0 0 0 0 0 0 0 0 0 0 0 0 0 0 1 0 1 0 0 0 0 0 0 0 1 0 0 0 0 0 0 0 0 0 0 0 0 0 0 0 0 0 0 0 0 0 0 0 0 0 0 0 0 0 0 0 0 0 0 0 0 0 0 0 0 0 0 0

