input
=====
5
15
0 2 2 0 1 2 2 1 0 0 0 0 2 0 2
6
0 0 0 0 0 0
10
0 2 0 0 1 0 0 0 0 0
25
1 2 0 2 0 1 0 1 1 2 0 0 0 2 2 0 1 0 1 0 1 1 2 0 1
30
0 0 0 0 0 0 0 0 0 0 0 0 0 0 0 0 0 0 0 0 0 0 0 0 0 0 0 0 0 0

output
======
#1 9
#2 0
#3 4
#4 16
#5 3



1
15
0 2 2 0 1 2 2 1 0 0 0 0 2 0 2

best play : 
0 2 2 0 1 2 2 1 0 0 0 0 2 0 2 = initial pos
0 2 2 0 1 2 2 1 0 0 0>1<2 0 2
2<2 2 0 1 2 2 1 0 0 0 1 2 0 2
1 1 1>1<1 2 2 1 0 0 0 1 2 0 2
1 1 1 1 1 2 2 2>2<0 0 1 2 0 2
1 1 1 1 1 2 2 2 2 0 0 1 1>1<1
1 1 1 1 1 2 2 2 2>2<0 1 1 1 1 = 9